Vis2Data - 0
[1.66488787e+05 3.36116569e+05 5.98772028e+05 9.04051262e+05
 1.23806404e+06 1.58759110e+06 1.90848127e+06 2.16675332e+06
 2.35513680e+06 2.45269210e+06 2.48111376e+06 2.43512799e+06
 2.35736085e+06 2.23659643e+06 2.10820131e+06 1.98270638e+06
 1.88743908e+06 1.78562161e+06 1.71931351e+06 1.64164287e+06
 1.59012489e+06 1.52354254e+06 1.44842795e+06 1.33843300e+06
 1.21412737e+06 1.06106223e+06 8.97387908e+05 7.32275262e+05
 5.90705248e+05 4.72530009e+05 3.84077795e+05 3.18948451e+05
 2.81315849e+05 2.69453377e+05 2.75284403e+05 2.90836566e+05
 3.14149996e+05 3.40009476e+05 3.69409340e+05 3.96683186e+05
 4.16579794e+05 4.22178818e+05 4.16957550e+05 3.97697763e+05
 3.69560049e+05 3.38014755e+05 2.99189549e+05 2.63801352e+05
 2.29252349e+05 2.02083050e+05 1.78968516e+05 1.60324101e+05
 1.46641217e+05 1.37743351e+05 1.24728154e+05 1.15097389e+05
 1.05806197e+05 1.03043324e+05 9.78301902e+04 9.14633660e+04
 8.71330247e+04 8.44291387e+04 8.20068843e+04 8.24449871e+04
 8.04162493e+04 8.11299512e+04 8.03719468e+04 7.74474990e+04
 7.38239482e+04 7.21479299e+04 6.87544832e+04 6.60978591e+04
 6.40768369e+04 6.20364487e+04 5.88223552e+04 5.66498203e+04
 5.27322090e+04 5.07006223e+04 4.81014287e+04 4.72259261e+04
 4.55652429e+04 4.27246116e+04 4.06154995e+04 3.95123004e+04
 3.85827214e+04 3.74150045e+04 3.53900618e+04 3.37746289e+04
 3.25022404e+04 3.15223879e+04 2.96592529e+04 2.83485712e+04
 2.71576034e+04 2.68181808e+04 2.59011790e+04 2.57546652e+04
 2.40619750e+04 2.30545583e+04 2.09761729e+04 1.97423564e+04
 1.76166930e+04 1.62188285e+04 1.40939819e+04 1.18650385e+04
 1.06922870e+04 8.86274756e+03 8.06482983e+03 7.98016272e+03
 7.69313049e+03 7.66237537e+03 7.16909521e+03 6.61780969e+03
 6.64267627e+03 5.43514465e+03 4.40427686e+03 3.94672327e+03
 3.49478491e+03 2.86428113e+03 3.96096484e+03 9.81385742e+02]
----------------------------------Vis2Data - 1
[ 102820.55517578  214688.16088867  415636.92529297  664178.97302246
  949064.97766113 1253407.25842285 1561148.5357666  1805850.81518555
 1999202.70654297 2109651.64440918 2167545.74536133 2147626.50854492
 2103949.72387695 1987863.85107422 1887971.43164062 1771515.64111328
 1682883.63061523 1595176.91015625 1535342.68847656 1466934.39697266
 1430346.19433594 1371145.73071289 1314634.609375   1232086.99926758
 1134643.21655273  998290.58129883  859385.98657227  706034.01196289
  570853.25976562  450003.17260742  354105.17944336  285619.78710938
  247687.03027344  230084.33447266  230280.73291016  234591.66552734
  249578.30395508  273010.08911133  301006.97338867  325926.21728516
  349659.07983398  364614.13378906  377339.10961914  368869.19873047
  346363.79174805  314932.68579102  287887.10742188  254232.06274414
  224175.16113281  196708.40942383  175355.4440918   158191.50366211
  142451.11181641  129646.22558594  120786.41186523  110504.26904297
  103319.89916992   95583.18579102   90576.30297852   85852.57910156
   82463.84643555   80427.56298828   79203.73266602   80139.97827148
   78202.20214844   77575.58654785   77216.8581543    76538.97314453
   72966.13867188   70768.0612793    66461.84228516   63017.8046875
   62012.22424316   59003.56408691   56809.27685547   55631.07714844
   52839.82165527   51581.33691406   48886.80151367   44978.97912598
   41369.3996582    38663.37451172   36310.42541504   34437.3861084
   32178.85961914   30860.35290527   29804.67480469   30546.23999023
   30254.81359863   30198.0657959    29350.3815918    28250.74279785
   27110.75476074   25752.86193848   24067.3371582    23307.8416748
   21298.95336914   20763.06628418   19970.77636719   18321.24487305
   16318.57531738   14982.4588623    13418.08776855   11242.04016113
   10150.50646973    9404.61450195    7792.7578125     7841.58374023
    7615.07507324    6600.89294434    6393.61315918    5880.24084473
    5168.6854248     5332.70703125    4832.05419922    4379.72766113
    4552.09790039    4292.15808105    4134.18798828    5060.73291016]
----------------------------------Vis2Data - 2
[ 111562.78027344  238072.20581055  448088.50415039  685554.51062012
  960730.68139648 1248654.9519043  1523777.88098145 1733486.76367188
 1890665.38183594 1967129.16296387 2012661.55187988 1985121.43505859
 1926661.35864258 1830468.76904297 1741560.54980469 1630468.57568359
 1554846.03771973 1472378.29309082 1424629.2779541  1372380.9362793
 1335023.46154785 1278388.84960938 1225726.16748047 1134828.05761719
 1035355.67919922  910834.81347656  782487.296875    646059.38012695
  525041.60620117  420167.6237793   335985.03710938  279503.12841797
  240424.22167969  224716.62573242  226141.32861328  236774.23071289
  257430.35864258  280892.03149414  304612.40258789  333192.03515625
  356536.22241211  373014.20410156  378175.23510742  365356.83642578
  347078.22265625  321104.39941406  285413.08349609  252207.8927002
  218016.24975586  191198.47705078  167896.97949219  150699.94018555
  137673.16943359  129230.60083008  120191.44726562  111563.88891602
  103707.98803711   99588.54052734   94505.0859375    88147.52954102
   83142.27954102   83417.73876953   81026.8425293    82630.4753418
   83151.69897461   83614.34399414   81162.2545166    79949.60791016
   74168.61767578   72249.29748535   68710.71228027   64151.48217773
   60045.78967285   58092.89880371   54232.4576416    53483.4375
   51233.66967773   48935.42822266   46433.23364258   42991.85424805
   39693.86169434   38374.06018066   37503.32250977   35088.85839844
   33084.40112305   31544.96325684   31354.17407227   30027.25317383
   29862.98400879   28857.78637695   28272.68835449   27319.85791016
   25230.40881348   23686.33239746   23228.61914062   21061.2779541
   19871.30529785   19746.90258789   18673.08947754   18131.2376709
   16632.59655762   15505.3067627    14110.31591797   11700.72314453
    9567.23693848    8265.45861816    7407.82678223    7109.30810547
    6205.54199219    6102.9263916     5576.22521973    5023.62695312
    5035.34130859    4569.3873291     4288.59069824    4153.44042969
    3516.30969238    3124.81469727    4187.18823242    4796.88574219]
----------------------------------Vis2Data - 3
[  93741.86376953  188768.91430664  338474.4855957   507240.5456543
  704437.15222168  904438.9074707  1094328.6796875  1236314.96166992
 1341691.54052734 1392649.29040527 1414024.79382324 1398888.71472168
 1363054.34606934 1296631.60754395 1235215.62695312 1163027.9519043
 1100864.06298828 1048020.04577637 1015575.36071777  980894.95397949
  959478.36035156  923279.00219727  890489.67602539  837261.92236328
  764853.29443359  673131.9128418   582334.83911133  476333.01831055
  380895.6262207   300988.76342773  241540.25244141  198417.15942383
  176319.26391602  167597.62011719  170880.47265625  183058.97753906
  196423.39111328  215896.27978516  236365.57470703  251589.56884766
  267726.64355469  279951.32348633  283279.79833984  278963.61547852
  259770.91430664  238085.06030273  216241.77697754  191220.17724609
  168370.25366211  148884.21166992  132114.36108398  119738.69018555
  108964.50708008   97489.14770508   88352.95019531   80336.23754883
   75230.57543945   71044.17675781   66538.0234375    64423.07800293
   63336.85253906   65844.32397461   64812.08154297   63991.51782227
   61858.60412598   62564.48291016   60952.55859375   59538.7800293
   56153.16442871   54414.76159668   51733.30200195   47743.26245117
   44417.53283691   42647.77600098   40980.96459961   39426.34643555
   37286.87512207   35680.05627441   34437.24328613   33476.77124023
   31170.43908691   29487.6048584    28709.36914062   27900.66442871
   26794.37402344   27043.35961914   26634.30700684   25481.63586426
   23979.83032227   23374.34143066   22486.86352539   22911.79772949
   22173.94055176   20230.40637207   18818.54797363   16761.47351074
   15707.09960938   15341.7701416    14701.99963379   13627.92736816
   12492.01635742   11363.45837402    9549.9552002     9058.03613281
    7412.76391602    6523.02929688    5858.36560059    5613.52868652
    5167.59899902    5281.91601562    5566.68713379    5353.79589844
    4609.89379883    4513.91320801    4085.36132812    4155.42907715
    3850.69586182    3857.07055664    3458.19421387    3254.52539062]
----------------------------------Vis2Data - 4
[  85957.11572266  161862.44970703  295385.88452148  456675.68762207
  648158.4588623   849586.60217285 1050574.4630127  1215786.42858887
 1346510.27294922 1417701.10437012 1455778.06311035 1447701.03527832
 1426006.38000488 1368444.21533203 1308550.98034668 1228704.92333984
 1173686.96533203 1121080.56005859 1084237.07849121 1045864.64672852
 1025141.15686035  996154.92626953  957101.05932617  896850.30273438
  824089.59423828  739258.34277344  646909.68261719  533970.81860352
  427465.49633789  334038.06616211  262104.57226562  211587.54345703
  181672.30322266  169703.65136719  174322.39404297  185016.1081543
  197609.08996582  215129.5723877   233494.88989258  252502.40527344
  270430.63110352  283902.07470703  291087.42150879  287945.36669922
  272647.0078125   249720.24609375  226024.6887207   196577.00708008
  166895.12011719  146098.53588867  129308.8026123   114042.81420898
  104058.90917969   97549.23754883   91902.60888672   83669.89086914
   78801.69165039   72990.73754883   70505.140625     67983.46313477
   65864.93383789   66015.09753418   64691.82080078   65003.50622559
   65364.2052002    66223.34887695   65917.86071777   64686.04821777
   60599.56030273   57532.76489258   55083.11938477   52491.49487305
   48424.33520508   45593.4107666    42460.46862793   42251.79992676
   40444.72802734   38032.91442871   35459.10778809   34266.51171875
   32015.15039062   31028.6574707    28494.82714844   26820.31713867
   25824.40429688   24709.23425293   23946.30444336   25124.76550293
   24466.02099609   24363.88122559   23532.04223633   22644.42407227
   22026.52807617   21580.44335938   20201.95288086   19729.98547363
   19214.35803223   18707.09997559   16905.2611084    15114.76647949
   13485.35192871   12259.77587891   10792.56872559   10139.4888916
    9091.28918457    8013.44055176    6745.21179199    6581.59082031
    6573.95129395    6449.12866211    5976.86535645    5441.68811035
    5206.78393555    5324.02264404    5252.77142334    4770.31665039
    4117.1809082     3173.15283203    2936.27368164    1634.48339844]
----------------------------------Vis2Data - 5
[  68957.12695312  121292.1262207   237845.66723633  363058.1496582
  506256.98095703  653562.83105469  795060.00915527  909141.86401367
  995674.87548828 1051852.63037109 1077124.68286133 1081068.63647461
 1059485.52832031 1020017.2713623   979511.42468262  931587.38476562
  889843.11547852  855012.78649902  831123.79638672  812260.7557373
  798632.56567383  774640.09570312  749583.64672852  710316.34008789
  657348.9152832   590105.52954102  509621.58203125  423571.30859375
  338325.36865234  259305.72216797  203549.92041016  163417.17407227
  143823.59228516  136085.31762695  137746.14257812  147687.3828125
  162025.06640625  174131.30371094  196568.81445312  216322.70556641
  233965.6315918   243260.30200195  247740.21606445  242244.29760742
  228885.12646484  208639.17333984  187990.5378418   164770.52246094
  143655.14575195  124982.12158203  109936.44946289   99121.30053711
   90770.92163086   80314.33154297   74139.57910156   68275.75
   65458.63867188   61914.59973145   59258.82885742   57178.10168457
   56970.26123047   55281.04504395   54433.97973633   53035.41650391
   54602.06103516   55071.11889648   55759.43603516   53874.7902832
   52275.94030762   50689.35473633   49406.58581543   46767.11315918
   43001.50427246   39864.15966797   39398.87805176   37405.18835449
   36315.06677246   33384.97253418   30760.29626465   30215.79296875
   27812.43591309   26053.9161377    25571.61157227   23518.30993652
   21528.77587891   21861.32409668   21913.6809082    22184.09936523
   22187.68334961   21163.4453125    20460.58618164   20239.44274902
   19255.42956543   18702.37915039   18316.1138916    16918.82775879
   16038.1081543    15846.84228516   14358.61218262   12900.37719727
   11953.77099609   10881.19030762    9704.81103516    9351.046875
    8368.02990723    6608.22021484    5744.53234863    5615.37597656
    5452.9354248     5602.62353516    5034.35241699    4635.73046875
    4134.67480469    4024.76574707    3611.40808105    3406.73132324
    3316.00689697    3356.24169922    2801.1171875     2851.69335938]
----------------------------------Unwrapped phase - 0
[ 3.25578962e+00  1.50198250e+00  1.37220513e+00  1.20644625e+00
  8.86247851e-01  9.17871746e-01  9.15731516e-01  9.94042475e-01
  1.17915089e+00  1.43697403e+00  1.36103479e+00  1.43652423e+00
  1.39490446e+00  1.17960948e+00  1.21993464e+00  1.14810915e+00
  1.03256015e+00  6.61372715e-01  7.15319446e-01  5.34530339e-01
  8.72006104e-01  9.52993128e-01  1.06426130e+00  1.39082818e+00
  1.69336729e+00  1.86708730e+00  1.85922800e+00  1.55621487e+00
  1.80113500e+00  1.02363311e+00  2.30929165e-01  1.01932116e-01
 -5.45487896e-01 -6.59954432e-01 -2.34232008e-01  2.66142403e-01
  4.64898776e-01  5.64814304e-01  7.32424890e-03 -3.35139784e-01
 -2.34595685e-01 -1.91502615e-01 -1.53078081e-01  5.32671119e-01
  6.73701991e-01  1.29498538e+00  1.67826324e+00  1.00251105e+00
  1.12120568e+00  1.03152342e+00  6.06407634e-01  1.94144665e-01
 -7.05645902e-01 -9.78121065e-01 -2.22632953e-01  1.72434810e-02
 -4.61595603e-01 -6.58996880e-01 -1.39306972e+00 -5.59412999e-02
  9.60958325e-02 -2.45450490e-01 -3.27468875e-01  6.44986721e-01
  2.17622575e+00  6.85525364e-02 -3.09432854e-01  6.49051041e-01
  1.05882743e+00  8.60268774e-01  1.33946643e+00  1.37362673e+00
  2.40299056e+00  2.74814683e+00  2.49714816e+00  1.74972635e+00
  2.40725000e+00  2.20955519e+00  3.22433818e+00  2.14168692e+00
  2.51594831e-01 -6.08479265e-01  1.65686320e-01  1.88764717e+00
  2.90407150e+00  4.62475686e+00  3.05398794e+00  2.20055930e+00
  3.98375635e+00  2.11337262e+00  1.26069048e+00 -5.24262523e-01
 -2.47852485e+00 -1.54023251e+00 -9.15066140e-01 -3.27057435e+00
 -2.30597901e+00 -3.77915910e+00 -5.24784496e+00 -2.70710459e+00
 -5.22191872e+00 -5.38728502e+00 -3.16424476e+00 -3.79018229e+00
 -3.82966440e+00 -6.34200608e+00 -8.04555831e+00 -8.14534052e+00
 -7.20919888e+00 -6.41264684e+00 -5.29067629e+00 -7.19551858e+00
 -5.08963841e+00 -6.59723211e+00 -4.30133319e+00 -3.04867943e+00
  1.16799263e+01  1.84478163e+01  2.14326059e+01 -8.67427296e+01]
----------------------------------Unwrapped phase - 1
[ -3.19808819  -3.59664723  -1.94068332  -1.55957845  -1.98450054
  -1.72349472  -1.45495872  -1.53548091  -1.27319238  -1.01624572
  -1.24268278  -0.92577569  -0.86724165  -0.78493496  -0.76462013
  -0.46317205  -0.47865779  -0.54003156  -0.80937149  -0.75147296
  -0.63265142  -0.652984    -0.88785391  -0.85181036  -0.82702318
  -0.3700597   -0.35302853  -0.56565232  -0.48578302  -0.03696201
  -0.48607997  -0.3050833   -0.11008329  -0.35958674  -0.74461668
  -1.19808731  -1.31636561  -0.55232441  -0.37485636  -0.64116477
  -0.90309152  -0.60294123  -0.49871638  -0.33959566  -0.31120424
  -0.66250567  -0.84095178  -0.72288236  -0.87457501  -0.97668204
  -0.31680763  -0.40639032  -0.7242251   -0.82748862  -0.37057319
  -0.07096408   0.3596996   -1.05580559  -2.58552337  -1.32846627
  -1.23856767  -0.86625361  -2.35335709  -2.04303744  -1.48637779
  -1.89329347  -3.58073014  -2.01743495  -1.86968244  -2.81229886
  -2.93284842  -2.87110507  -2.3965148   -1.274045     0.0280552
   0.30179318   1.50013761   0.67712488   1.93833944   1.90848487
   0.11152769  -1.21324038  -1.7914627   -2.42227561  -2.52906921
  -3.07575893  -3.30543772  -0.58555611   0.4549061    2.57830713
   3.35475109   5.74064279   5.6265277    5.20302621   5.51376911
   5.2068336    2.77381018   1.57772467   1.0254305   -0.14596331
   1.03439881  -0.81171779  -2.12882719  -4.67848222  -2.13205259
  -0.79104421  -3.71851445  -6.85109173  -7.81291968 -10.19907061
  -7.70086805  -7.76106827  -9.78628135  -8.34452557  -7.51123506
  -8.67462682  -9.44627908   0.97808828  24.27937144  16.42584717]
----------------------------------Unwrapped phase - 2
[-1.85040227e+00 -7.79842476e-01 -1.77161059e-01 -3.19373547e-01
 -3.08197986e-01  6.91895119e-02  1.46995407e-01  1.86807805e-01
  1.04430180e-02  1.27269456e-01  7.82064254e-03  1.65624240e-01
  2.50684104e-01  1.59089311e-01  1.77883707e-01  2.34702696e-01
  2.36768263e-01  2.79573908e-01  1.47604202e-01  1.14015058e-02
 -1.08661236e-01  1.70597147e-01  2.34098333e-01  6.62023857e-02
  3.15714901e-02  2.47493932e-01  5.55008723e-01  4.89807068e-01
  2.04098767e-01  4.34153944e-01  1.20130358e+00  2.14714381e+00
  3.40002145e+00  3.70693102e+00  2.54784940e+00  1.71164863e+00
  1.05224602e+00  8.49516986e-01  4.71556261e-01 -2.27240023e-01
 -7.55903072e-01 -6.86646002e-01 -4.90121190e-01  1.45933585e-02
 -5.90933411e-01 -1.57446020e+00 -1.40021174e+00  2.74353316e-02
 -8.51305154e-01 -1.80597829e+00 -1.70624413e+00 -6.42199484e-01
  1.70043288e-01  8.13686431e-01  1.61098608e+00  3.48934789e+00
  3.59786451e+00  4.16132882e+00  2.96973694e+00  1.67513351e+00
  2.19093736e-01 -5.58326875e-04 -2.95374659e-01  1.94378425e+00
  1.53758844e+00  1.57715892e+00  2.26805143e+00  2.15412131e+00
  2.38908731e+00  1.16031394e+00 -5.06564865e-01 -5.43735149e-01
 -1.10378268e+00  6.30756214e-02  1.15682403e+00  1.22297076e+00
  4.92006381e-01  1.60237590e-01 -1.98270966e+00 -1.57490873e+00
 -1.09982247e+00 -1.37880810e+00 -2.03533660e+00 -1.32865443e+00
 -2.82210733e+00 -1.51206484e+00 -5.54468577e-01  7.92620305e-01
  9.85022975e-01  3.12305554e+00  1.13202446e+00  2.25814004e+00
  3.65720288e+00  5.77549592e+00  5.77879663e+00  6.03556640e+00
  4.03058085e+00  2.70366339e+00  3.56509906e-01  2.80718785e+00
  2.91559914e+00  2.70501294e+00  2.51558338e+00  4.65611853e-01
 -2.18208392e+00 -2.91258906e+00 -2.94298063e-01  1.88681276e+00
  2.76941960e+00  2.09815739e+00  6.18137129e+00  9.28607121e+00
  1.04401585e+01  1.29272072e+01  1.51132486e+01  1.80016206e+01
  1.91007178e+01  1.93079469e+01  4.29862401e+01  8.40111148e+01]
----------------------------------Unwrapped phase - 3
[ 1.52417192e-01  1.90188696e+00  1.92670881e+00  1.34246324e+00
  1.70007134e+00  1.51019671e+00  1.56704308e+00  1.75277235e+00
  1.56578114e+00  1.70041051e+00  1.78790694e+00  1.87000626e+00
  1.99519513e+00  1.51942491e+00  1.40683236e+00  1.24075156e+00
  1.40412441e+00  1.51197357e+00  1.48335922e+00  1.36996262e+00
  1.32098166e+00  1.51937411e+00  1.92451792e+00  2.16355182e+00
  1.85371496e+00  1.92180959e+00  2.40987033e+00  2.33464089e+00
  2.58363316e+00  1.92190998e+00  1.46287712e+00  1.12803175e+00
  1.12597553e+00  4.08731971e-01  2.51761922e-01  7.79290633e-03
  1.43396455e-01  9.31707988e-01  4.70899614e-01 -5.27521088e-01
 -7.77660131e-01 -8.86806899e-01 -5.01917190e-01  2.99518222e-01
  3.97190670e-02  1.23204936e-01  6.56316393e-01  1.53452521e+00
  1.75558537e+00  1.08338212e+00 -7.49815233e-02  5.39397677e-01
  1.08212083e+00  9.80712450e-01 -2.27794163e-03 -6.12805030e-01
  6.82778563e-01  2.05868296e+00  3.01161708e+00  2.22209191e+00
  1.60376860e+00  1.70625365e+00  3.08845686e+00  4.28207616e+00
  3.29943664e+00  2.00472971e+00  2.56705938e+00  3.46857702e+00
  4.81632534e+00  3.90159955e+00  3.23584736e+00  3.69659925e+00
  3.36256295e+00  2.80410045e+00  3.49833937e+00  1.80064054e+00
  1.37116779e+00  1.81609889e+00  2.50732267e+00  1.56587306e+00
  9.96359820e-01  1.78609283e+00  1.70937567e+00  2.01145972e+00
  1.91239712e+00  1.68956322e+00  1.78476202e+00 -1.84158528e-01
  5.66025026e-01  4.45080100e-01 -1.00820957e+00 -1.36315246e+00
 -3.75315094e-01 -1.06491847e-01  1.69749368e+00 -2.73203070e-01
 -7.93827500e-01 -2.13624720e-01  8.01026473e-02 -1.09338591e+00
  1.95897634e+00  2.08013760e-01  3.14961268e-01  3.11082836e+00
  4.00104650e+00  4.24162789e+00  5.54218425e+00  4.55973821e+00
  6.94549409e+00  6.97394708e+00  8.03631166e+00  1.07845014e+01
  1.21822238e+01  1.39863451e+01  1.62345811e+01  1.79699682e+01
  1.93873582e+01  6.13256562e+00  2.39899794e+01 -1.12087432e+00]
----------------------------------